%YAML:1.0
---
Size: [ 1920, 1080 ]
K_LEFT: !!opencv-matrix
   rows: 3
   cols: 3
   dt: d
   data: [ 737.737, 0., 1002.88,
           0., 737.649, 516.21,
           0., 0., 1. ]
D_LEFT: !!opencv-matrix
   rows: 1
   cols: 8
   dt: d
   #[k1, k2, k3, k4, k5, k6, p1, p2]
   data: [ 0.166827, -0.0474667, -0.0971949, 0.158073, 0.0284703, -0.128941, -0.00038715, -3.54651e-05]
K_RIGHT: !!opencv-matrix
   rows: 3
   cols: 3
   dt: d
   data: [ 739.211, 0., 973.683,
           0., 739, 572.199,
           0., 0., 1. ]
D_RIGHT: !!opencv-matrix
   rows: 1
   cols: 8
   dt: d
   #[k1, k2, k3, k4, k5, k6, p1, p2]
   data: [ 5.04115, 4.99752, 1.09963, 5.0549, 4.98573, 1.5555, -0.000501104, -8.76689e-05]
R: !!opencv-matrix
   rows: 3
   cols: 3
   dt: d
   data: [ 1, 0, 0, 
           0, 1, 0, 
           0, 0, 1 ]
T: !!opencv-matrix
   rows: 3
   cols: 1
   dt: d
   data: [ 0, 0, 0 ]
