[LEFT_CAM_FHD1200]
fx = 738.254
fy = 737.734
cx = 1000.2
cy = 606.508


[RIGHT_CAM_FHD1200]
fx = 738.909
fy = 738.293
cx = 994.507
cy = 601.377


[LEFT_CAM_FHD]
fx = 738.254
fy = 737.734
cx = 1000.2
cy = 546.508


[RIGHT_CAM_FHD]
fx = 738.909
fy = 738.293
cx = 994.507
cy = 541.377


[LEFT_CAM_SVGA]
fx = 369.127
fy = 368.867
cx = 500.1
cy = 303.254


[RIGHT_CAM_SVGA]
fx = 369.4545
fy = 369.1465
cx = 497.2535
cy = 300.6885


[LEFT_DISTO]
k1 = 0.28299
k2 = 1.62744
k3 = 0.0607453
k4 = 0.290532
k5 = 1.63914
k6 = 0.148338
p1 = -0.000185121
p2 = 0.000127521


[RIGHT_DISTO]
k1 = 3.70167
k2 = 4.43118
k3 = 0.887271
k4 = 3.72003
k5 = 4.39394
k6 = 1.27063
p1 = 0.000121246
p2 = -0.000179953


[STEREO]
Baseline = 120.005
TY = -0.135067
TZ = 0.287525
CV_FHD = 0.0026372
CV_SVGA = 0.0026372
CV_FHD1200 = 0.0026372
RX_FHD = 0.0057774
RX_SVGA = 0.0057774
RX_FHD1200 = 0.0057774
RZ_FHD = 0.000490778
RZ_SVGA = 0.000490778
RZ_FHD1200 = 0.000490778


[MISC]
Sensor_ID = 1


[LEFT_CAM_VGA]
fx = 351.250000
fy = 351.250000
cx = 334.250000
cy = 186.250000


[RIGHT_CAM_VGA]
fx = 351.250000
fy = 351.250000
cx = 334.250000
cy = 186.250000
