[LEFT_CAM_FHD1200]
fx = 737.737
fy = 737.649
cx = 1002.88
cy = 576.21


[RIGHT_CAM_FHD1200]
fx = 739.211
fy = 739
cx = 973.683
cy = 632.199


[LEFT_CAM_FHD]
fx = 737.737
fy = 737.649
cx = 1002.88
cy = 516.21


[RIGHT_CAM_FHD]
fx = 739.211
fy = 739
cx = 973.683
cy = 572.199


[LEFT_CAM_SVGA]
fx = 368.8685
fy = 368.8245
cx = 501.44
cy = 288.105


[RIGHT_CAM_SVGA]
fx = 369.6055
fy = 369.5
cx = 486.8415
cy = 316.0995


[LEFT_DISTO]
k1 = 0.166827
k2 = -0.0474667
k3 = -0.0971949
k4 = 0.158073
k5 = 0.0284703
k6 = -0.128941
p1 = -0.00038715
p2 = -3.54651e-05


[RIGHT_DISTO]
k1 = 5.04115
k2 = 4.99752
k3 = 1.09963
k4 = 5.0549
k5 = 4.98573
k6 = 1.5555
p1 = -0.000501104
p2 = -8.76689e-05


[STEREO]
Baseline = 120.105
TY = -0.0234586
TZ = -0.208298
CV_FHD = 0.00293451
CV_SVGA = 0.00293451
CV_FHD1200 = 0.00293451
RX_FHD = 0.00794547
RX_SVGA = 0.00794547
RX_FHD1200 = 0.00794547
RZ_FHD = -0.000629754
RZ_SVGA = -0.000629754
RZ_FHD1200 = -0.000629754


[MISC]
Sensor_ID = 1


[LEFT_CAM_VGA]
fx = 351.250000
fy = 351.250000
cx = 334.250000
cy = 186.250000


[RIGHT_CAM_VGA]
fx = 351.250000
fy = 351.250000
cx = 334.250000
cy = 186.250000
